1000
0.045581239417109655 0.01642291250707133 0.04153563468911686 -0.3993818379750448
0.2427022506075732 0.05662941502271298 -0.011840057693428874 0.157650688949368
0.16762787909821966 0.0012291692922446553 0.004902977644441899 0.004538239817714249
0.027830869295662863 -0.028852514911101173 0.007112403320134055 0.049105554537909886
0.17214593585050197 0.04241532201363993 0.05546238448729628 0.35071021425113713
0.28012621706710134 -0.039254790412905985 0.003796666818941046 -0.3405930945307726
-0.052300211915194406 -0.06771369862696716 0.0011483688839843593 0.5073957320266874
0.14938426201125307 -0.030396784096380695 -0.02181027687717426 0.13146501084555895
-0.4725678789169537 -0.031935643563921035 0.07361390036930107 0.09024423338701278
-0.17787453099009135 -0.003463514988535222 -0.01530468258241585 -0.07102498981707857
-0.04148926994764868 -0.03903391823038072 -0.002640487200606945 0.08319977901271948
-0.03629250803126648 0.015454465853779522 0.002151273494544892 -0.22281232900288092
-0.2186276248957211 -0.03162886556049891 -0.00018404809535791896 -0.3036851217144549
-0.12550331393601874 -0.03527930060906176 0.03880228816531764 0.4436002470606187
0.0872220654624793 0.007093713133738199 0.027367501069615437 0.029692391906282117
0.5002528645041071 -0.003880093283315427 -0.011232157742241055 0.043866316310692995
-0.02791611751695768 0.0028407226625110967 -0.020460050477684306 -0.19010870767298016
0.12818454874035573 0.034299467660118946 -0.008089021620119274 -0.09750956163557069
-0.0856801912971655 0.047255014510529846 -0.00447657165428202 -0.08991103936702255
0.052409474378795395 0.023403656503192136 0.025696904125756 0.07722345401808822
0.4025352732463763 -0.00561350041244069 0.026672756723339058 0.4749505823314737
0.17082471070503463 -0.02022306344548441 -0.007200980482294559 0.11439246522580424
-0.08157946346781439 0.008474266398375263 -0.010104052197647715 0.2833396253386158
-0.07695020395998545 0.050413165813278524 0.006409638056690705 0.30737729774680705
0.06514940864076535 0.01801177843636864 0.0038464459155901306 0.07121342554534121
-0.612507321421354 0.0015004994474690527 -0.07110076158628516 -0.016678548089523442
-0.05054538808214215 0.02789750509425902 0.0060960135242522275 0.15762442094573495
-0.029594113318767608 0.019155642266936678 -0.03966487871448628 -0.17964564734252855
0.18171046421438333 -0.04840374746877838 -0.013774673956632367 0.03463146507455624
0.20817460001099453 -0.024432172345302892 -0.07449788756326918 -0.09745850621179497
0.14520778029103612 0.0638454503597498 0.008233070201193881 0.09933788884098853
-0.23373194757213966 -0.02306138882173073 -0.08119060968382087 0.31596339314070304
-0.2641786182339097 -0.05080100853392464 0.030522832536266784 -0.2477375266171803
-0.21224578646867878 -0.025154495565148968 0.04625936608357916 -0.2785115171674714
-0.07740068478857602 -0.0016247930525680942 0.03569091042849979 -0.3539773846191891
-0.27937036319235775 -0.004831748234138265 -0.01767186831224683 -0.4203354786514248
0.40453614511696473 -0.03034697052763705 -0.008489512780759564 -0.009931740471616754
0.04515876855071274 -0.02724336843557783 0.0029156277578598427 -0.05258198841027685
0.3848630829508776 0.04901670850379679 -0.022140865436153963 -0.11922224528240342
-0.005355093766185721 -0.035232740760785274 -0.015456314984161137 -0.23430989424309398
-0.4214123603789222 -0.02182601952389593 -0.020091532754298116 -0.20335554829549035
0.03144126788545916 0.017173275012389657 0.052522967605948136 0.1723348994363241
-0.10007398231958091 0.01687564398740548 -0.04352713411875463 -0.2559159183382965
0.12024511821404282 -0.014649522870408932 0.022810439902374146 0.10551542904020715
-0.05859003640674752 0.011530262708038646 0.0076205956595565665 -0.035151439409472
0.0984586840366753 0.01266382482132448 -0.039875599237776664 0.20426472815699256
-0.04351258461211507 0.034144471606181316 0.003945045985248367 0.3920772157789555
0.15251529096984837 0.0006185200302850093 0.02993796709619755 -0.12009931561744357
-0.3561443421838368 -0.014310408085810102 0.002366888606909782 0.52412818662398
0.16999852659141568 -0.0138105676405721 0.005646050716571761 -0.26367767396659536
-0.04752297508718652 -0.03125471488844659 0.020735757753997358 -0.08099841381618039
-0.3188918228094472 0.001035431643736932 -0.025761463311005095 -0.21352894881981385
0.22940819977669913 0.050726917023462346 -0.016475064729115196 0.3117249577141433
0.22743480546040926 -0.01163009989404472 -0.05302908668839127 -0.0719282310590987
-0.004363218159113106 0.02193272055129936 -0.022922192920189346 -0.3184668364968544
-0.4858836838617547 -0.0022644499537790757 -0.05001769962998403 0.07515626007301111
0.4042789839705402 -0.02363444009069826 -0.018681969879895347 -0.2986651771097518
-0.23392762094837205 -0.06672338886036434 -0.012451812834043525 -0.15375739558702778
-0.03857467758839585 -0.00620367760355198 0.03421044021079353 -0.14661535425069153
0.28814333595699 -0.0219832191965296 -0.055098929437409724 -0.15080061283844115
-0.03572727467363591 -0.038098760642022764 -0.030213388548222746 0.011589131021531331
0.1341806833396856 0.039824859639330856 -0.07251398394970021 -0.05986020685051964
-0.16658105895809988 -0.04482025066898455 0.032647368946985146 0.01578921163975828
0.29661085324915526 -0.01057235774464593 0.02707298073764208 0.22232475111643638
-0.3392010292207634 -0.0015850413254336426 -0.05166485067662517 -0.031530047771773644
0.07519631493082916 -0.012985009258655816 0.022857196210035246 0.30487673069468973
-0.439120357654781 -0.0325894620136294 -0.018007564065507645 0.0944999531078406
0.2598414376121473 -0.005096899017634456 -0.02024006661802272 -0.24552752233612168
0.03181218722659472 -0.018543597057104982 0.013792590532090887 0.2546868166497151
-0.07170880196096484 -0.07669528672097216 0.025004330206854605 0.08628262322419897
-0.2288462200900547 0.02885843600848705 -0.014820281498885875 -0.06758592977222846
0.14959730697372814 0.06351315389765065 0.042389409492361724 0.06644553061958994
-0.21025734513448144 0.012382640135040143 0.047421090906003334 0.1750532986475445
0.19685381111355021 0.014167811994263436 0.0067968883959243515 -0.47203236225711537
0.23109169730381338 -0.03088625687181245 0.03925255857360475 0.09612155950020387
0.11670889477867853 -0.01073081158491775 0.013318464131670255 0.005960605342075963
0.5914782642721236 0.015057352899657823 -0.03904077092272988 -0.5183114335480706
-0.13481170186086744 -0.021294186246604445 -0.05567546158287735 0.07535101580730948
0.20852890474725064 -0.007611739115613537 0.00942489555200009 -0.04692826766994075
-0.14977237432967558 -0.058014874140368114 -0.02690176342491931 0.11932861938538906
-0.12027727123873086 -0.0043721300102213985 -0.04908502660492347 -0.35363159088813545
0.12516307194941412 -0.0032457124077074034 0.0825731106973648 -0.14381413331691867
0.06880107854633268 -0.04979865886189649 -0.009656524722127934 -0.15835138091444015
-0.0697590423529879 -0.06046795094517843 0.010521638894649578 -0.12959822006100244
-0.22155260511214175 0.06034667332541924 -0.003731352378496616 -0.028586730458516178
-0.2847240514443025 0.008260696521901532 -0.06746779246071392 -0.36849395486192776
0.5505400319473288 0.07829472151729311 0.039477562135870725 -0.14638753556652004
0.2275340856571133 -0.0031213395653981383 -0.03914582476566621 0.09513596408790218
0.03384407105631487 -0.02426389232414334 0.0027221791899826207 0.019897664313407153
0.25448728388954533 -0.04023792202693725 0.06010911324685273 -0.06136865579856781
0.08743925740995216 -0.022274243806312658 0.01931130887616066 -0.01012028188151584
-0.10203320599105435 -0.009121429236878241 -0.00504730173033149 0.20226559624906504
-0.17437469439150655 -0.0406860237857361 0.0253829659348244 0.1574098970148394
-0.006998300506596608 0.013863622716956568 -0.023584211705243545 0.5563592615782532
-0.08702360358444525 -0.036458999786409395 0.009176718378558699 -0.15083301987752815
0.21073522715714824 -0.02126851499217255 -0.03463609898604911 0.14607030284518752
0.043832258294970596 0.06030289380947791 -0.05663970784539383 0.33394922492590673
-0.4631930189009609 -0.0333674821588299 0.02201888730573098 0.021952420348842733
-0.0933346201201151 0.016078568259063505 0.011367494678802038 0.06154554647095049
-0.37672173158376215 -0.010496619380076563 -0.037672751258503424 0.15243437405850627
0.13706683839597775 0.025853520057746708 0.004598580979751294 -0.21570936453483142
0.5842465838362053 -0.016136235590793267 0.05966861665195052 -0.1065716829818129
-0.23985286585323715 0.050856054947750064 -0.030664805392651134 -0.047360300490208146
0.040788034191767616 -0.023090403934040056 0.010933049582086359 -0.3529074058497264
0.08971541525958313 -0.035476405276847735 -0.02812777907751475 -0.006283890562732605
-0.06635320456072505 -0.02307991761534699 0.019683051607197792 0.18926110323344397
0.2833861635070159 0.02864223508658482 -0.005018505225432659 0.1521270017403679
0.25449629209824437 -0.007532798334921058 0.041240033447430026 -0.08673332764033302
0.3062014360608331 -0.023127346001034315 -0.05179899289124604 0.015877273338275603
0.40296451582307036 0.0733721744892437 -0.047863086280070376 0.38235838825242763
0.1172950911908966 0.022873329078837035 -0.013408521077293494 -0.18114106876932762
0.1518026895738318 0.008578143813815114 -0.004436587498405592 0.08922282621622785
0.24746874703828078 -0.03603942221983494 0.05105528019640744 -0.07698326031180516
0.22490714564725622 -0.02011880836273146 0.006920695485341739 0.16373022926668104
-0.2540403708123148 -0.011547390763990214 -0.045436096366620125 0.09680693758651025
0.03793174818420777 0.03322039835346499 0.0650469077389659 0.10038965594734686
0.07422150086249875 0.03534034195394149 0.00178872952921608 -0.06728339030653178
-0.1605214851437338 -0.0037859333956924523 -0.06527075238776796 -0.19160691454919887
-0.33825989364563874 -0.02221114056435121 -0.04851331265687466 0.13184706651944583
0.01676782338960773 -0.03729568168452038 -0.09946277040071777 0.05830750638674847
0.03838504275440523 0.018129516734759554 0.007381271874946039 0.026281037221037282
0.1360979767405241 0.030190017076288343 -0.05262223046895873 -0.2717387429091577
-0.19919867342987385 0.02076118471393239 -0.02547749261156736 0.024915799478845153
-0.08646286413325972 0.005315330849465856 -0.061516194556228476 0.18606074062206568
0.25008461719859176 0.01716190798680418 -0.035721002773205196 0.032777445589175155
-0.17356630524114644 -0.03174653361816065 -0.019039086462154863 -0.36263259106095774
0.3755790367443686 0.01086925573526771 -0.06059942713126514 -0.3891274643990428
-0.016535354914344103 0.01862097835083203 -0.03698099536077927 0.4172026788100223
0.3231516704794257 -0.04943274714861127 0.025722708753524462 -0.021869804825361994
-0.3991505392985852 -0.0008030783968306167 -0.0035492161781574294 0.06680638982213692
-0.23272571909488535 -0.023934754854577783 -0.03129815013377207 -0.2667127592768025
-0.14052864834339918 0.05433541514224733 0.005363074408728529 0.40149788617570165
0.10805118974087065 -0.0022096512880235156 0.040536096471026906 0.08762563256896148
-0.00616068630111516 -0.02558302847385247 0.013013737490007542 -0.292031560422381
-0.02221084971671018 0.008611572662532707 0.010748836490110056 0.022345521531120936
0.22827993174896152 0.05698946273459326 0.03048123920296217 0.12351526143459947
0.11104796308643687 0.0043212969937061075 -0.06845184120309271 -0.15626359282223387
-0.13719956065954264 0.017787250322075336 0.038016854355320644 -0.028038352316452842
0.26157832487820976 0.02325447730843236 -0.009766154384915359 0.17438176580132783
0.08819452245935457 0.06365653593761539 0.05787061076879815 0.2514197554374867
0.15171246704663857 0.029147247409066115 0.024724328675557662 -0.2900231405243403
-0.28564524350478304 0.0009937372509689602 -0.00634179239625278 0.04700198526399627
0.21730067601964498 -0.001084601297227447 0.07701452877286268 -0.11941859547599436
0.22094563134597933 0.010742714911383155 0.05382915070492297 -0.013218071765019592
-0.148434876490186 -0.02615284093156395 0.009232618038994882 -0.04142405001551638
0.19767888072263856 -0.0024161020373767235 -0.01852874604102462 0.010180948910690827
0.0769149065409692 0.05356623931462948 -0.06529754573116157 -0.07297386970259212
0.09393900584714798 -0.014861769909779492 -0.0390694639766143 -0.4733802695221276
-0.17582790308144172 0.005346324672602285 0.010732911086138632 -0.39371688114400194
0.22765589392968524 -0.023653676255005363 -0.038683898568806004 0.2691913410042984
0.016925775594601473 -0.03159296144223615 0.03558720983743337 -0.17687596203756759
0.3186113155413459 0.04066542555229998 0.04165540806025903 0.07678070343001235
-0.20396301042185738 -0.009234428851078067 0.023629202140505623 0.05691668099470661
-0.33350607383280273 -2.432774771487237e-06 -0.012121717505794669 -0.2650747804900686
0.023733769972157214 0.022564835683854933 -0.044276990285625865 -0.01127845824483949
0.19356248476922658 0.016349847968580765 0.010351802440805859 -0.10412437235163138
-0.3166856113502437 0.0055237737345882 0.03178938888278512 -0.13240367318367868
0.15071995418205514 -0.008232212680895716 -0.07876642356476032 0.16129250861768077
0.06839399493510216 0.0166366191767491 0.04284335561047235 -0.4346399400960821
-0.44769227033801456 -0.007902259569517671 0.01576930470904566 -0.032986776154809876
0.08781973690652556 0.01040198785572196 0.02889119690672495 0.37069638905644686
0.3069863789502273 0.07939590957341311 0.09299106218654336 -0.04477448426031643
-0.055264260006832565 -0.02284450158522759 0.018073029539433638 0.04447268997099663
0.3441551076260706 0.027365668325918878 -0.036673073300268304 -0.22671518749761896
-0.15191063502074212 -0.025010263844661765 -0.02829477880451964 0.061748489760509354
0.09386668918393352 0.08581946977479545 -0.026117003825288608 -0.27179702748235185
-0.08639550512260737 0.01780997072085372 0.024311286954338283 -0.2910754783062908
-0.25527611712598625 -0.021449955582420223 -0.012694975487959911 -0.19667942672658703
-0.07405328656617534 0.0001717409752703485 0.02202096556053245 -0.07651426416974137
0.24765675599374087 -0.01435978299967447 -0.006338880589183472 -0.006824211987184688
0.09029772108210506 -0.0046951914814643385 -0.019083676847553323 -0.190377587357809
-0.7874095594713721 0.0023971957958691353 -0.013195857644391452 0.205236795155503
0.1589232827654694 -0.029429600633552867 0.016898652831038634 0.186178410086878
0.2264829686158868 -0.05099848495462244 -0.031401564871416265 0.13069607773772263
0.30812779546576935 0.029514059191206556 -0.016717768599390732 0.2275964889200094
0.039337019333394875 0.052936450500145484 -0.01192358772325877 -0.07638410937190766
-0.36667860294599836 0.059616605219744954 0.0003323182882718367 -0.24880509140094015
0.12005470964878635 0.02448466695247927 0.007533852730982286 0.3381446336982283
0.03093769243516768 -0.021186595393717655 -0.0010353040373014875 0.1870106090517394
0.05021002276350617 0.023802583675944487 0.008214610351395675 0.3142730058978243
-0.1355914365122456 0.026014317030096972 -0.03956996709731961 -0.04276779529568662
0.10941721517114451 -0.05499968967296214 0.009936048584518072 0.11444127067740674
-0.16173911953733477 0.0008300495212043146 -0.033937113350051284 -0.022054814357727496
-0.14478426575423667 0.02610833896790078 -0.009380131524185861 0.003839013687227237
0.01453071513204825 -0.05383240089266247 0.041182443032305935 0.0845763222957573
-0.28023558526700015 0.05058645622653049 0.0030000306575032882 0.529370801583091
-0.49789558594872513 -0.03072103006613648 -0.015676202016797314 -0.13638567028154172
-0.077281511578346 -0.04318680845751058 -0.005555820052896041 0.07046842352731104
-0.0356049321167957 -0.0441866066490685 -0.024161302193774867 -0.06322962165937529
-0.29337131254301907 -0.030971965277780966 -0.03976240684879254 -0.3588985151541996
0.06235567217701979 -0.03378295489523922 -0.0226988491084245 0.11879668246127736
0.03682928023005551 0.066607776174542 -0.0652806092269123 0.3277584878202845
0.2096288313027226 -0.04076972049470907 -0.007810488041978669 -0.08572041007113933
-0.14309297108259944 0.007236302820056945 -0.09733090646748158 0.49463840250999125
0.01586266284373347 -0.023932442041380387 -0.0181119119994747 -0.11521253596254233
-0.098143598385085 -0.04437728805677444 -0.025339006232551618 0.3743930665800832
0.24399801971734275 -0.077007871082349 0.06082930380775135 0.1713503072774761
-0.2050301195919395 -0.0742067926289644 -0.005909479139068413 0.002782732807883391
-0.23577962033508001 0.04678867720939548 0.02437431732379185 -0.09509471759398808
-0.0722043645919297 -0.013002992202611864 0.03109270635728843 0.05532512306677787
-0.08570488871145877 -0.043404812071953736 0.016777634042946608 -0.2407561200822199
-0.5710546998527501 0.010157884800428422 -0.02050178318819605 -0.30975219797049125
-0.1974744172783581 0.00526991140454873 0.010607603554567394 -0.19281106373790244
-0.28248550192207444 0.03536848669891303 -0.035740154991817784 0.057129287167930004
-0.005940180771947918 -0.0338787335523133 0.007263576770715947 -0.18827545977421814
0.06177398103537599 0.0247063194269948 0.04283011286355211 0.02175654765649082
0.09607593669214734 -0.02884655276363003 -0.024468927944002107 0.10540554013766859
0.15328918381253487 0.03920306008886845 -0.01508081336874349 -0.24696345790374558
-0.011063529286165039 -0.015544252740756964 0.087296680074905 -0.214140944108905
-0.31473089369090385 -0.0018216885906642939 0.03317740813780335 0.5065891879935196
0.07274280796804808 -0.011252208026462762 -0.014996656970191875 0.08461584199801733
0.04330411400347465 0.0018051667624116596 0.0799311879424587 0.2847778949916147
0.13563659895346758 0.0008352262652598367 -0.024921151308624698 0.5714761881739084
0.07851292450761481 0.011222360062349184 0.08072650587127944 -0.3264912098523543
0.15219735931496778 0.00912463927078406 0.04878736431130955 -0.02051559966091271
0.1898511791366742 0.021700532581267938 0.018682777539083966 0.15466445519506797
0.10574921629936891 0.043028866760973644 -0.010475989889970824 -0.024953963920689947
0.35490906836001235 -0.03148457115883273 -0.05451104185332575 0.0257546451038894
-0.1969099107194747 0.0009676964074750001 0.02389863345972929 -0.26297971295066963
0.06253747959919309 0.01771041703058474 0.026782647081802335 0.07797408901428292
-0.18968614762328037 -0.04898096576497775 0.05854952938377494 0.05374682547900866
0.17147190259396464 -0.01556815539014002 0.008375368606942662 -0.13182896802048621
-0.021812836025934843 0.025044340213096282 -0.012143482201082778 -0.09125190507121447
0.2955338160100494 0.08304507142664672 -0.03308904263662937 -0.03895657660540084
-0.18634897841536194 0.004046332605993823 0.047551176454874694 0.2691436975157277
-0.5461317857450578 0.017233132290662676 0.04754039562185678 -0.23096006544102968
0.3047238438125751 -0.05980720428841407 0.01949995063817154 0.33165457748170335
0.2358173188446265 0.06856312668686526 -0.03829242326513744 0.025792016689011966
0.1384006026323986 0.01998026590777604 0.0015366436616933983 0.10656284825849327
0.004211731747076962 0.008366273465729232 0.009529059796719305 0.23029896019734192
0.008752716513115181 -0.055940353487410846 -0.008927332931639515 -0.3331503810643705
-0.36909852764600753 -0.020849462117071716 0.03854343205256045 0.0848939952329721
-0.06541214839949211 0.0002261295297389903 0.001691288190689219 -0.19054914054349595
0.022676640655397883 -0.017932542609647883 -0.010334532353892874 -0.09974501065159888
0.1528274670768085 -0.013909266655049376 -0.01918924213382475 0.21135795079806882
-0.29510818447746173 -0.04480536256007223 -0.0019264061708313437 -0.16214951987442644
0.0010412156225266405 0.014577302020918179 -0.05206806460990742 0.30218621460047174
-0.2905156292370701 -0.06482824479924988 -0.00944771422004718 0.004628946282113528
-0.029135086541670074 -0.031173431592791276 -0.04268354374260602 -0.3226500620547633
-0.30119458716434466 -0.007073265622119543 -0.0006184312139352071 0.03720328764656792
-0.013421504060098328 0.013871206506091428 0.00868076998342989 0.2024145899072733
0.12586462420426925 0.026285019509503887 0.032119340890269604 -0.01909855404620765
-0.010149013025980482 0.013213121256773028 -0.028399708275280582 0.36397205071888244
-0.16597596001109696 -0.025949006982011042 0.02171649302390672 -0.2659771949162968
-0.40452855558057466 -0.076781957715877 0.009843595439968742 -0.42678387401335977
-0.21754174538766108 -0.00036330071250881713 -0.009827627871958525 -0.10718337923302755
-0.05395842111086805 0.05279957894216393 -0.023383471500662327 -0.1256459049345576
-0.2857960484549071 0.01029808751585126 0.037888701702360465 -0.09930271512016409
-0.018670079546350162 -0.020045450590008788 -0.0309831470053506 0.07537599886257679
-0.11913714217763015 -0.04409553803771042 -0.030563021045928944 0.20545526474826362
-0.12720355659826538 0.012083657225645781 0.021380009006404067 0.1053916124895177
-0.2535367870797792 -0.04929689441283399 -0.0025406296493503387 -0.10761701081026237
0.20362434872645022 -0.011132186972861207 0.0006804469459772066 0.05147600377218363
-0.06268791630694355 0.09254807983029614 0.0420193222838827 0.24648689417913597
0.19159324399038963 0.003087558983073798 0.01177802847084372 -0.13731984142241507
0.1809024874133363 -0.043858619361249074 0.03183528859223793 -0.4104068221222605
-0.0638326479802395 0.04414096977786951 0.03550105545854979 0.057770935635798944
0.03125010363538107 0.03619898183435015 -0.06747720755702462 -0.02663889618232597
-0.12187244919900572 0.03574971482088289 -0.02469986663818264 -0.11675913723019232
-0.16678526510726163 -0.00024186074189125952 0.035129176208187916 0.02933007602213397
-0.12797074706610923 0.046017990967410785 -0.044635679948297736 0.024492062543784686
0.04741705097815488 -0.007605269512470196 -0.02585168510116591 -0.07893571893594965
-0.058920814999275505 0.004466499446003663 0.02561084336488785 0.22146822443662673
0.3404367572320851 -0.011400474478808164 0.009988642893131708 -0.035418218832880655
0.04368635384577092 -0.00040097601485080217 0.04815368639316796 -0.1284428190382265
0.2901075834691186 0.02960104857917523 -0.023265809247436556 0.2509892559106513
-0.08901215334294493 0.01878827184914625 0.042364195970792835 -0.14186981693743567
0.23098978848926666 0.0045765988014070036 -0.007607317327153931 -0.18761977198626076
0.23058174669876574 -0.014755910280315419 0.008336919486134386 0.21226310936533224
0.12903770561845404 0.03372598408123731 0.041486561820910116 -0.06694696749961995
-0.058968328790645445 -0.012241857814837814 0.05934714133615115 -0.31952074885012927
0.21516726919154588 -0.07543731353932161 0.026941740720872406 0.33532720430866
-0.0017966000526466164 0.01581470671326295 0.05732551321594044 -0.15581502933601868
-0.04092697316217488 -0.0103982243568669 -0.06348784192612718 -0.21445590514431506
-0.09243393655391133 0.02472628337032243 0.0032300599620722855 0.08302189329310225
0.26574115399409376 -0.009998872975641488 0.007278108820255379 -0.2931900250838133
-0.37362823021550534 -0.07829403182696046 0.022049820242047564 0.17654479844299145
-0.3641522355786827 -0.07427858318763751 8.218907931729923e-07 0.07304156641042636
-0.1724553244842358 0.013218936457279132 -0.06475716066900002 0.21604101497042333
-0.049456986957619305 -0.0011352107764877426 -0.05361874623847755 0.007380011205174167
0.031368731007884135 -0.016507179615277146 -0.025794474663119803 0.1282066067629114
0.3134796402723895 0.03324868288181747 0.009499057930903058 -0.0790833813127581
0.2192799508708858 0.051110196530493375 0.08121580087751497 -0.2259833558270344
0.16688903657929063 -0.02158909511137714 -0.054817833054941846 -0.2431912619421759
0.13338174317833915 0.026960806483144476 -0.04501575032792225 -0.15363570698976667
0.07523374847738981 -0.028882562076388056 -0.0027306075997125825 0.2813044672767584
-0.08401540720931369 -0.03717825123650099 0.0420017635133399 -0.03341252637969372
0.24965361250792584 0.01523879222776104 0.033418788122604924 -0.1761207088976885
-0.0999756548659499 0.025552186406701892 0.005203475805589528 0.3049373402620188
0.18656707637398434 0.03512124263580504 0.008881328335868676 0.2975814176881779
-0.2007707052841412 -0.007283782661169407 0.006060309765751397 0.3673351329422027
-0.15455527801546864 -0.022786554702678534 -0.004395839921196762 -0.03712826135394088
-0.39706071849932567 -0.022166261210310907 0.0008024255575897881 -0.3560608001355162
0.14465934140154144 -0.020696173207801462 0.0022701821008075883 -0.4545191186107201
-0.1040814454698923 0.09614358539895047 0.030577027109361797 0.054510336789999204
0.06661723532220348 0.03398730267510255 -0.025611986232955596 0.19656431349334666
0.218863093406791 0.03467589044848807 0.03651175658611316 -0.05629901266137253
-0.12807295293607843 -0.07104266590117204 0.04795546432851004 -0.20520585481364473
0.2766757312378573 -0.027011840327051596 -0.0624112683728784 0.23395815676059442
0.0067023103130980305 -0.07097678917498208 -0.001100033618331476 0.23174101267191574
-0.04855776150557512 -0.011781533866590244 -0.0070143202534669324 -0.023976414540618402
-0.12619203099836082 0.08569917968488856 -0.0797439731450721 -0.05578030703958964
0.13456596896859183 0.003215191283452826 0.02873634007232237 0.09413119518143223
0.24309504722852204 0.04084608296320362 0.06408105380071195 0.09931107085816436
0.28526024799691335 0.001823508972370854 -0.03349070958852926 -0.022643518719471074
-0.21597289413303916 0.02150203560091848 -0.00901715108172586 0.1732815284373214
-0.20710992435250836 -0.055801277388101964 -0.011779217055580687 -0.31033509900998185
0.388243552314652 0.02630511487861847 0.016214538813033377 -0.21582174189604758
0.14584619497597132 0.019636774705376964 -0.015611176566222996 -0.2731529062069209
-0.019309142959248366 -0.027951574445884506 0.019459782117475656 0.23640771030954752
0.07131006296371037 0.03323152861377313 -0.00438543632223022 -0.618220674307442
-0.16458876386202803 0.004416556649680783 -0.02153361613182599 -0.046687001729086186
-0.13629489498167802 0.030256600555762313 0.002896304090475411 0.5065178595293232
-0.17756643907412314 0.00924470255137613 -0.06569611299399465 0.26030432320340713
-0.2231639823497621 0.05789999228765316 -0.10536322973175764 0.48502111860072816
-0.3404011492120524 -0.016338411962196805 0.06917602252516036 0.3595808846485194
0.2681298641918942 0.025650007042172074 -0.04535566819320687 0.20904785268924345
0.5603730584879404 0.013223663726228276 -0.0032785751093506207 -0.2675632348947526
-0.012474247152282335 0.07314452408307233 0.05328191030925344 -0.08254876062155295
-0.11415310460444111 0.03448375432800204 -0.05279290855730745 0.021307637742748638
-0.13741215015274647 -0.020175212210987833 -0.0028788135396601486 0.12850364663469624
0.05930058926849569 -0.003960616939440321 -0.041601069912642154 0.01569729687295765
0.3777564785213146 -0.033189894164558226 -0.03492359962792334 0.4665445521910844
-0.3226731158180078 -0.041537750491680354 0.020481862632115665 0.00024175631587515398
0.2177345429609878 -0.03499877455335182 -0.04218118756208791 0.31317555176063
0.382213827074313 -0.026654023671993626 0.012404389441005796 0.1345020165596092
0.08956404914756926 0.018453777449702273 0.012164318097788977 -0.11815249812430506
0.222493134752197 0.02010762156253819 0.0014327339142123665 0.17971063805607507
-0.029006024712824843 0.012808936617877575 0.006133396848958671 0.028193596221607733
-0.15584904144390388 -0.056922247538066933 -0.047067401527105174 0.4495326102876943
-0.08070581473616648 -0.06801547939585915 0.008812094806336067 -0.19373190661700954
0.38120414183687945 -0.021392060830581195 -0.021865201551658234 -0.2531409602178286
0.011288159801518457 -0.005012784629478827 -0.028161113041986284 -0.10882572237022196
0.06479680550443795 0.013635181120776474 -0.014608902950392617 -0.1622166958021789
-0.28631891001081683 0.020492146656113208 0.01214823855841476 0.15027255222714925
0.2191667017563443 -0.026834540831545475 -0.0003850467968184031 -0.02431786555369619
-0.16623843844935984 -0.05321506755886155 0.04075897676797467 -0.1826240018971454
0.18413112114561725 0.014925801265686357 -0.06833147271188586 0.2639750014049392
0.13107146347251694 -0.020989963398986983 0.04447915487225953 -0.11006597654970791
0.17756904560293643 -0.05571550610377027 -0.02773292775566673 0.04405543817190718
-0.15008966391477305 0.002466743396946031 0.007807596814163695 0.10559918902920018
0.2302208189241044 0.08574953341227924 -0.014079329940698092 -0.02541734136699406
-0.002926012329585387 0.04840203008764885 0.01926089372017391 -0.10569838686529918
-0.10020881757415694 0.025446292869221603 0.02946171330963415 0.11615093949275133
-0.30080012880844625 0.014157389314438324 -0.020527602477435392 -0.14043977581249545
-0.4547590261972403 0.050663617497756955 0.04054253984798173 0.19889722843231675
0.37813188537762144 -0.03527394363752731 0.05568450629021292 -0.14145320908805778
-0.056419677654217605 -0.03472283938390205 0.032848710820316644 -0.07534391058102445
0.07836123445778316 -0.029089164470986993 0.05941577864811593 -0.11738165856530382
0.12486968864826346 -0.005404231880663559 0.04147362912959622 0.3348600326687103
-0.3610724983907653 0.039049195528322436 0.04275078870937839 -0.03811361070161017
0.07105590906544305 -0.030337409476879247 0.027668704976164044 -0.561181970688959
0.05966471616752426 0.010030852545405861 0.036530323127359675 -0.07782764010486928
0.1114556205916486 0.0039731472613252885 -0.020028029870892264 -0.02755616901167668
0.2608871005597735 -0.018552426381637396 0.026143415558688262 0.15866163876193823
-0.0002766669078067513 -0.001992735408854172 -0.02272858664679834 -0.07575797603374126
0.37305015673071346 0.029160321132702494 -0.003069505827464674 0.15196365743464482
-0.05434814967093853 0.04777917218578038 0.04536014552214399 0.14598237567373543
0.3060914866959878 0.011954720626280854 0.032398800304374246 -0.10054916390136796
-0.09279025131421295 -0.04033068029574592 -0.05457246513772937 0.3108128011961264
0.5041680577941592 -0.0214229420858592 -0.05089732909126318 0.08957454755672963
0.1542370730556031 -0.03507070888594612 -0.0023066601053820727 -0.11247028489589124
-0.027296250046024827 0.015991439469248466 0.01044070753012489 -0.47452041994682725
0.6339660882582197 0.019732917045935737 0.053961332314832196 -0.2623574048268648
-0.12427764996896348 -0.012561832150500813 -0.016209462995628816 -0.19856287660944552
-0.24707740602577255 -0.011607190501503295 0.03514823183878117 0.27543478151149325
0.2854556367141281 -0.029932398314143648 0.03443605183004298 0.09587766392588311
-0.09699886370942905 -0.03270436203468124 0.008772289239410501 -0.3672792058243181
0.21038919710234344 -0.002565800004893177 -0.03447718669963794 0.02765985807657729
-0.25502915442702173 -0.031001841565959594 0.06261448167671885 -0.037024586528272854
0.29936370844811805 -0.017339078137130905 0.007749637349273036 -0.11550892492011902
0.38599315199753537 -0.007170215965251395 0.028542133900180133 -0.3937237136150829
0.39697137468769644 0.03297068828383755 0.030738272751114345 0.094164229088978
-0.0874551830589872 0.01573480439926631 0.02667113323351069 0.2802255134797226
0.23414358481800174 0.0565889256485046 0.057678318708566316 -0.23074761162899649
0.22071626250255347 0.051817805752104026 0.01073202562023862 -0.15215478715162348
-0.3041707367878841 -0.054163969487058136 -0.025962678546607724 -0.35530747291276066
-0.02793998844186031 0.009778789730521665 0.03413584856691281 0.21446739090739397
-0.0425733053643214 -0.05435327185624443 -0.01692948688355425 -0.19696442287341892
-0.2093553173418435 0.02038920011677212 0.0029439739599551444 0.11720533597680755
0.07761702299297801 0.017330742065943653 -0.014182848460784202 0.11525760610179511
0.05227215727054429 -0.05524862975839938 0.03486060985422247 0.2412536708181527
-0.21960547491563348 0.01698117489881273 0.025646709181529895 -0.1088127892207588
0.133426114299869 -0.05644629774797484 0.0016914138180643883 0.2614521933531804
0.1299869830924837 -0.01448422502316686 0.015486478317829802 -0.20706983579408178
-0.12092152968742655 -0.012990286131123307 0.029666935074505754 0.20881308907769536
-0.1238104157379159 -0.01790351214126787 0.006453834643978193 -0.14286533540331914
0.026304644375205896 0.028552242183945278 0.048009509090189785 0.16937613720563743
-0.3424296427670115 -0.027391032905575995 -0.013362962757960967 -0.13513350481326472
-0.1776274450681076 0.00844531595591117 -0.04044547373553407 0.04483171161455415
0.03185792024661686 -0.030545209321686383 0.007360761315087638 -0.26463139142198616
0.057873563711523295 -0.02100608691320711 0.07081754075245508 -0.10317776344528118
0.14834419182975758 0.039503328423020456 -0.030606156050102157 0.24753907117692323
-0.35879885090215696 -0.044079240803204814 0.029881201925563778 0.08264893401423473
0.09139061480814832 0.007897769641689145 0.030795512837616095 0.06971184912067968
-0.013475090310271925 0.023448611796468215 -0.0469035124451822 0.25897613792218216
0.10344452100777742 -0.044968869571114595 -0.05514348448153513 0.34122297290281894
-0.5015620716905608 -0.023411446045646163 -0.004078355468032835 0.11312191659932337
0.21953724938641136 -0.05015367672244274 0.04172203359028966 -0.01980431422866523
0.22585187256521835 0.01914663618348108 -0.03505387231059437 0.4482146602004296
0.3998698480059172 0.02099543767338918 -0.030467075426771652 -0.024445670123753083
0.14179936042390595 -0.0055002925247148214 0.014083585974039678 -0.38846729905474364
0.14627393626391513 0.015010287579818031 -0.05349468490820558 0.03211954732583689
0.4306268013815704 -0.03131001015426219 0.0440587324815569 -0.35386364409338017
-0.11682234234012316 0.020262224103782832 0.032776349760170534 -0.07303850706404638
0.037563849164656535 -0.0020194998401986 0.011111986309927064 -0.08042179336444313
0.5160597279022465 0.013889574279668193 -0.01381285234448346 0.5048084994474962
-0.021775985094508517 -0.03922158708955362 0.004619570207487602 -0.35908222650434557
-0.19202744941411284 -0.0047058983465145116 -0.011470374915343697 0.042328325113994175
-0.04618226600101932 0.006068797224087442 0.004414953875262371 -0.4501571247688062
0.35064811056662887 -0.07427306211458759 0.03124778199666714 0.07119891211900387
0.3665030828975699 0.021390748295946754 0.007300056343369241 -0.5080214260540045
0.04246592705326262 0.051792727027122946 -0.02332168037995405 -0.072022438487955
-0.18743051884688405 0.0005546713182289064 0.031193332659601725 -0.3987701703186456
0.37466949150558965 0.024590981629831615 -0.01979823625568954 -0.38443904942290014
0.055288312956390646 -0.00537624806415809 -0.024556127341800703 -0.18202609391536012
0.07932370398688984 0.03599038237214795 0.013359211991351682 0.0694219274329891
0.27683242911602723 0.019588115345753502 -0.005484866568203366 0.19172482506065464
-0.4138845171855662 -0.021893781695331464 0.03531610608170943 0.17315000683520868
-0.010088633278867953 0.04458286569056733 0.021741011932688504 -0.20335742692459646
-0.413880848600752 0.013948889519434644 -0.03298458567112974 0.07200421393841744
-0.0664023617620695 -0.05155835264909689 0.019568921476121538 0.1713817412362246
0.06969336993187378 0.008502016472372887 0.003137860539399283 0.06602814654531658
0.40384792074754466 -0.07937951825715149 0.027506964047056753 0.1433434025966343
-0.33819479400399893 -0.01908824662141519 0.09111016368341635 -0.27841947550835117
-0.10930831936359191 -0.047346103204492125 0.009757988948730369 -0.11965590564784313
0.18821747445834772 -0.06069273714850036 0.023626773887316044 -0.030954315965530603
-0.31465935971977255 0.03886641744290103 -0.013286219168208532 0.2551815320569336
-0.14023905169780052 0.029254411560554937 0.024339665834485272 0.04207395124558992
0.3265314652075218 -0.07123531478857469 0.04930190273646361 -0.05699839096316785
-0.14157469015970525 0.07105621523939351 0.021831933596744072 0.1600544451165089
0.058873112418675405 0.03265211243749418 0.035834108241647754 0.029531289952433638
-0.05251656861000604 0.031046966434428384 0.02727760301542523 0.5077947973529668
-0.11055124350098139 -0.017596793180174566 0.041753081028289715 0.5163268966380609
0.0977952258236259 -0.0209630045719552 0.017365710792551083 0.36372090641135574
0.00570541591234522 0.03564874066927989 -0.017726599039649002 0.17820643443083864
0.032724688514120415 0.057158116701084234 -0.021701664947703918 -0.11634809517667022
0.3948883041045949 0.023730090154096422 -0.0006165839450679082 -0.22473177789561358
-0.14959626639155146 0.020478476745370698 0.010125025671543329 0.28278293716930114
0.055413451230597675 -0.03279777896138988 -0.036861370763259474 0.030053739688830707
-0.1795890939744141 -0.026273228050389466 0.033755183271324124 -0.10113140976624617
-0.19381376216232438 0.015931504414233816 0.010681286897111062 0.013829191596748605
0.2568419205331144 -0.02784941776998233 0.018291943436446887 0.024083882779692832
0.27073238637726404 0.022841704577164473 0.00028008367008976984 -0.17437192023754836
-0.04526289049339333 0.00939908633801772 -0.0677320563060229 0.02922461076529898
-0.2612071259098982 -0.009798181072411823 -0.008815119711997318 -0.20512364659262697
-0.37963421945566395 -0.0016913969946144817 0.017148961009181462 -0.06638107180434226
0.06423351465012454 -0.007039234274544013 -0.025383218202982647 -0.12918760768980025
-0.5009683425911999 0.01449270898228798 -0.0004023305581450752 -0.03467939693714966
0.11629825809763136 0.031246053021453744 0.023093977019314774 -0.0479665555531706
-0.28557590675957634 -0.017066919912315966 0.00846051140125065 -0.27285188076051414
0.195491540728693 0.00489070551530045 0.009257849787890278 0.11029045171244445
-0.16010028577571128 0.010060063542400865 -0.021018468235893272 -0.06904874393967414
-0.022774949131516314 0.0075554030487739315 0.02464556255479407 -0.35681154671709375
-0.25800605099654067 0.034435258765527034 -0.005735112502467977 0.037695478862952485
0.3123597527905852 0.027458049796302147 0.017329983553050765 -0.09417681050436243
-0.5621870019773836 -0.025025735906852177 -0.00650479744617249 0.03334095219556452
0.12467204611063862 -0.010822590374491459 -0.00631330868394701 -0.0032116346629604362
-0.09971151903127734 -0.01416150424584526 -0.04398736114799647 -0.11522558012891321
-0.08093168558160202 0.035454374062920166 -0.029797129936162053 0.2734781396639854
-0.22088793723793135 -0.03368303678431354 0.012503862085401416 0.12166209112982314
0.02789542420837254 -0.016716654767535307 -0.036580500823360146 -0.18379970600490356
-0.011557318581217087 0.039591823922802964 0.00759407673972944 -0.17083194335290317
-0.019991937790987683 0.010275898444584448 0.030397613193902797 0.010459317480925939
0.21524518053792396 0.0121738133249461 0.04285454319693952 0.13585209505898543
-0.06791350529358499 -0.03792897509692286 -0.03530349306012698 0.21506393083496772
0.1463592867164731 -0.009676683172881374 -0.01668933867830932 0.1704308862109547
-0.05687636813167099 0.01753685877708675 -0.018570194356935486 -0.025638809524327757
-0.07527339850976265 0.07112166136483161 0.06404217772046147 -0.32526844152976087
-0.015233646901947114 0.04671440685034202 0.00722882094880295 0.15309782166727165
0.12669509560272224 -0.058510561435921 0.02159330345957891 -0.0076227102867606296
0.38510029213914904 -0.06393392394620573 -0.014841385384848816 0.07276795963963985
0.5589898805019072 -0.04309968808506714 0.015805809018830483 0.35652020852877053
0.16621583968097037 -0.017972284709036206 0.0011319181911927582 -0.34907943525687735
0.04262642446363719 0.0646380346687828 -0.04164816224190974 -0.008699468502024552
-0.009629569728876098 -0.010623383715007947 0.0373483918538504 0.16546885273798764
0.3877329456210088 -0.05082723214128023 0.020438840532138236 0.09930950055661031
0.1455885459940767 0.0039325329473474165 -0.008700864843854147 0.23960317573482418
-0.11537694833783946 0.04303132896570535 -0.042391768479253744 0.09358031629644138
0.0650753590608029 0.018233110878840837 -0.030957996481154326 -0.13490649413049596
-0.14865737533328502 0.014487003326477874 -0.016025416792434355 -0.17140918322476353
-0.15600803524720092 -0.05314914652354761 0.03122462364817124 0.24279137593378902
-0.15468572847438844 -0.011507486637279022 -0.004065916731612398 -0.2638262348257721
0.028908155922291984 0.05945905808855536 -0.020614292188330424 -0.11685716548818227
-0.6302557689713636 -0.05107758596187474 0.01142043493129684 0.24335802904563228
-0.13952499880673983 0.019263031706081974 -0.045171136911471475 -0.1507213555814292
-0.4750257705445221 -0.004127379890594996 0.01568267857703823 -0.2800135537812332
-0.04033333602706458 0.018581800277040345 0.04679659863741864 0.12509040111087116
0.1991000144749577 0.004181423115713294 -0.021400463280014315 0.12891063605513345
0.15281413994234558 0.035595544676516606 0.008058191085289006 -0.45925740347553584
0.43270143888335644 0.00257759145241493 0.03173535333701528 0.019261036553857643
-0.08207529640526995 0.007386473007027354 -0.003946765163926465 0.02077124095853915
0.056605668889391295 -0.02107998134604546 -0.03849668535588508 -0.3151089116556927
-0.0393179725927164 0.024766547544707765 0.023724732150958192 -0.19259018095944253
0.08070044504439648 -0.034462774786644765 0.023586382899441 0.3783088211510071
-0.17556425624651037 0.00584997717687104 -0.021309993548667045 0.46741423833790535
0.024801415335719668 -0.040265049266908104 0.05161671428114166 -0.20358269338507537
-0.3013590373915139 0.03049151337903913 0.009334038412797764 -0.04582636290404077
-0.2511553693728684 -0.006808361375759447 0.006324759826812421 -0.10708089704951397
0.33878682751879247 0.002044876869145076 -0.0683205271544339 0.41849344845307207
-0.3797044096175577 -0.0010233975060570956 -0.03484097157099692 0.47045280446100607
0.14264119226221214 0.007430359030193601 -0.009418656354408465 -0.04417828772078436
-0.060200182384540626 0.0048558543983063624 0.0016826077533156748 -0.07980155566669665
0.056404844383110615 0.04183159234582802 0.038681952260781506 -0.2719004470174039
-0.30551744176723233 -0.02744919748579199 0.04715945183160166 0.2282764273260526
-0.2077979966278852 0.07464008263785413 -0.01995096798517375 0.26813020709210533
0.027489292779345333 -0.021937540365312043 0.04763272319273762 0.06760482154566479
0.22897067554254694 0.030394378319963215 0.0069723950712665414 0.06941870690300159
0.10949751255160234 0.023176613341446814 -0.014515742351445562 0.01830753679363764
-0.14131457811235573 0.0017337594342027246 0.029864722497943384 0.3958591284555876
0.24697902978627284 -0.03956527290465824 -0.010167182519103032 0.041561372523507535
-0.4482131683466098 0.012925450809368777 0.005189670351972211 -0.4417762605064471
0.4348428946995407 -0.027710283449139565 -0.06542453230723279 -0.05452543981100574
-0.17884745899014562 0.04177630713951069 -0.019409673662651422 0.12371309935707972
0.14016741566857774 0.06243387281151564 -0.04223990068622656 0.20188325891507136
-0.24051333728330737 -0.017405911158080257 0.06427705250470168 0.1432534198224389
-0.04831643051736098 -0.04099295220182363 -0.01434039766248183 -0.027648611874513895
0.11726373797966119 0.016560660917054795 -0.013104851274987138 0.24076115178683088
-0.1902951020947142 0.06212559876745933 -0.004489837549433084 0.32265552389162566
-0.24990522228288603 0.014969388168510914 -0.06145183477101593 0.11310635796225267
-0.030572543003174652 0.011206369202174968 0.0349867859116219 -0.20318544527698448
0.6101879463813052 0.010982137702045059 -0.011395789465875026 0.3461821316785443
-0.24784831093952697 0.042467648136941635 -0.05396653265245275 -0.08987292815693546
0.3083657448753996 0.007372947785851179 0.00879820734641755 0.23109592636608048
-0.029626878671858814 -0.01226830575793629 0.011207679189405318 0.15639844457249757
-0.0907871701136586 -0.0025894310229141473 -0.02454129030382252 -0.029894403329338154
-0.08651052959195843 0.003358894255557943 0.04872232535947456 0.15782317644995275
0.3852815528792038 -0.003207377147973142 0.04314152684406062 -0.5090287106265551
0.034448867271185346 0.03975990045092587 -0.055501072779596004 -0.29247774386468134
-0.19584922624032958 0.00059477979159709 0.012428183711646517 -0.11885360971909749
0.3740927609326966 0.009501663097719892 -0.021994523880712602 -0.8442475580552782
0.09935375260504163 -0.027154017914175262 0.024129040184826776 0.09326257834826548
0.34068987833533965 -0.02501909466410322 -0.010949953241951553 -0.1988376448666472
0.2670511629132629 -0.01573661870549244 0.03454096967168904 0.008775758372376553
-0.024077116135166433 0.03662068046070569 -0.008913834384065459 0.19611590902139556
0.14530314859431429 0.043075859546995506 0.01568923390207681 0.27206532341652745
-0.04377160574555965 -0.011086697834717676 -0.017861849315091965 -0.06960820470327668
-0.01864026244608718 -0.024067947216838873 -0.09406335948688956 -0.08665948625867001
0.2371753829618287 -0.04612087414279475 0.04782507624808662 0.05592247700502282
0.5898151040380597 -0.05746491077150531 0.029393058405065016 -0.3855328605611046
0.2966136162271445 0.006397503424306699 -0.03389108326543962 0.07970993109663284
0.30936259989029763 0.037718343212405664 -0.028830626293392694 -0.41959307683390623
-0.06228639024954374 0.023855638752755037 0.03821918569008179 -0.0015432174665667947
0.12140935278318064 0.03461411132247172 -0.008406397797047292 0.23481762602342063
-0.03264902458018489 -0.04154409726213799 0.005238493518449723 0.1290021437480022
0.4798166254768756 -0.004666535746492001 0.0632132315548971 -0.3815178373843093
0.015323767298211666 -0.016380146630124687 -0.07865153856776406 -0.07597555568054853
0.19465350730254344 0.006040143549927045 0.020073112677611447 0.09520919880717951
0.24525085172662123 -0.06769124648781234 -0.04994417284978602 -0.3202641402605403
-0.45165338032439195 0.04560573671951554 0.04188080350079479 0.0078116180696775435
0.14000881236282148 0.01963082306553588 -0.03614999816151983 0.27190649146182
-0.013156599015654215 0.050839569467813824 0.025513022512722198 -0.24380891062728058
-0.24159402775208055 0.01261993209165838 -0.0036568812236975837 -0.021410792776756
0.03989068362219749 0.01600045857562529 0.05170166203190583 -0.3895777307391927
0.15349344896079808 -0.03860690638532423 0.023813217252598228 0.4292887368481237
0.11347256154511402 0.01904149855135161 -0.011968287816257785 -0.38317066565023467
-0.2682020719240645 0.00493185845494188 0.05006519493897913 0.3089380337771537
-0.0475729062725376 0.02661224861061879 -0.025265884802284262 -0.06422487606510086
-0.1748761741196201 0.08059618607949971 -0.03442978186990388 -0.3913052584272289
0.11730358075780246 0.02893502685999872 -0.01549177759849095 -0.27865869539812405
0.01964632292641064 0.02005981712622058 0.04586482202854361 -0.13272859134970705
-0.3935860607090231 -0.013782105283326549 0.01719191139715047 0.24199227564676654
-0.6822203949617007 -0.004977827028782942 0.029017444995174328 0.09884940603320187
0.01559528828074209 0.02330321631643459 0.02371404258997487 -0.05723015236832781
0.38918993914665995 0.0071928757966204715 0.05260173198771468 0.3702073013631932
0.10780773308274748 -0.015569754759188528 -0.03409954224663817 -0.3583166075241405
-0.058219418536896356 0.040643978428942774 -0.016806283359888825 -0.10290193621392887
-0.27261238538644633 -0.01880454206104014 -0.00795627727759213 0.20504908467561386
-0.39171660137039 0.03529368885297725 0.008718137828264586 0.41097894262089496
-0.06071937272181181 0.025670187376409102 0.0333707738446866 -0.17937389904658071
0.17101020374876783 -0.011840466961815161 0.005001207258634168 0.07021067076381692
0.2303749454627753 0.008373477012582885 0.01869784568435773 0.010779934284718726
-0.01340731989472209 0.059314718738093304 -0.029015814706820426 0.13386931497433396
0.029970566382304217 0.04047556336656973 -0.037017682547688315 -0.19041632584763016
0.14179694291957953 -0.04114973995038011 0.008602529603053811 0.04896514251640553
0.020362154661509514 -0.019154877796738544 0.012949603243480308 -0.3697396547246237
-0.03091839898755312 -0.05933108109180993 -0.017808618776178405 0.08606631971582106
0.02772058776479887 -0.020189250075396684 0.00893466499593979 0.2330139551360553
0.21489085445872386 -0.06406197908447879 0.012995628688724541 -0.21321723496321288
-0.02734611261893226 0.06372335190876319 0.03607468375138626 -0.059733009952617336
0.012462225751928492 -0.030470807576036013 -0.0418095545807356 0.002689519060237731
0.3041639967799036 0.006974744455174524 0.011286771891247169 -0.34496650972851517
0.4067468823602649 0.0029525101723675454 0.05034378861245296 -0.02600197409807857
0.06511066977344256 0.0087454578304299 -0.014391033991493316 0.19101086025885353
0.35298819650866176 -0.03712234953843197 0.03355489703894666 -0.07377363434466612
-0.12123114111124644 -0.037344540621935006 -0.0314166638836337 -0.2929034040165673
0.016324965596406667 0.06616128362601928 -0.028478494707107022 -0.15456962184780373
0.09865922869264505 -0.011924244528807304 -0.05067725372577536 0.1544392685921994
0.19114309637088484 -0.05333248639643231 0.017256180534033355 -0.2167977157375469
-0.05715217449403487 -0.016736124982560975 0.012632529154678716 -0.10216991334096222
0.19353118899920185 0.04525169174265026 0.03044552970328651 -0.19356826897671528
-0.13127071992561926 0.0285647149450524 -0.008212515519423536 0.06835088520213992
-0.03269511617880867 -0.0023309404646996235 0.015402153672591073 -0.19274631212977492
0.05899586718872809 -0.02862228066916101 -0.011186124899088587 0.10555606822017094
-0.36870955732660204 0.007986352725597197 0.03655669778036413 0.04575985030620679
-0.14369671534975348 -0.03265117906200793 0.016238608249585985 -0.05227762011577298
0.11680877828071869 -0.001753498435450886 -0.01745656380886601 0.03059225268731652
-0.13472004763116058 0.015595824435851639 0.03402105528248982 -0.1584886392075864
-0.12239542436605225 -0.030335228217348343 0.013035380928866901 -0.05813443884400759
-0.08759984949358957 0.010509457869262823 0.03396611276068994 -0.01273432479046962
-0.12492583137707824 0.009738855411681098 -0.05040145808195284 0.514264488732922
-0.21335222106063714 0.002357980931162117 -0.004501280652376754 -0.05884837065884547
0.07178150354869055 -0.009905782157956912 -0.04774205737970917 -0.16066611234498093
-0.06845130477394591 -0.07095076052459284 -0.04512182221347725 0.13145609839552141
-0.22255170385938056 0.007843282600048285 0.004000883833875313 0.09997963123571696
-0.16952392897827404 0.01934332736920872 -0.0173865179370897 -0.3875717221154619
0.2653222045600808 -0.029438979307874914 0.029207056762069826 0.1729284962506035
0.013904418197903215 -0.06587707843187773 0.07411310370981647 -0.04370654213061429
-0.14980435710008644 0.02755562788291683 -0.05790566763333705 0.004864232126344825
-0.04273691602514696 -0.0011541680089014027 -0.024992742984345125 0.15389990555740243
0.43532773916433565 0.006192687525723759 -0.04950380778372749 0.21836777680648461
0.11486277508556654 0.049863447656813165 0.008957454256162402 -0.19609359925647427
-0.10085539290064452 -0.020970947893639638 -0.02389870260681522 -0.3175230706134827
0.16339116008060822 0.030007672840252287 0.026821822586868882 -0.13686232167992377
-0.013108061055385633 0.05926611722693103 0.011856133187245961 0.09092648730912974
0.23274958868998744 0.007910498468277148 -0.022950758074231265 -0.12516114971019163
-0.01989060869964295 -0.04966148160027942 0.040964657225277534 -0.14142482421988078
-0.156153861995359 -0.04503320488397322 -0.0005125155659582665 -0.16352659924676732
0.04900123041743795 -0.0254335503198453 -0.003563998189877179 0.014457284957140418
-0.17432458519046135 -0.04491718981092283 0.019942878046563448 -0.21258082592037464
0.3763743725157965 -0.051799906440854415 0.036172408466763714 0.4792549365184212
0.1386466144190307 0.0058802264160306246 -0.012722133338658737 0.376100774576468
0.19335815995671643 0.07788330186344102 -0.06048488091054998 -0.38684769022759746
-0.3945797056023789 -0.09060328470369361 0.11070854144773257 -0.1277970317177464
-0.18622037423261587 0.007550254801479131 0.0048277229753929795 -0.2873672794733124
0.03152519806991981 0.022803401445152954 -0.04092573509341884 0.14418758669384296
-0.0750490340644493 -0.007658997914750681 0.014198120388625226 -0.35250052229895984
0.03662628725960837 -0.008698354291080604 0.042876575784679884 0.05383666158793186
-0.22295859205360816 -0.00525414022340534 -0.006424792025915783 -0.4343827628589
-0.1909914043578421 0.057120669425634235 0.013176879658281657 -0.06042937695378519
-0.07843626436187365 -0.022984782557252982 0.015955496317311208 -0.09983699201304123
-0.03342576113132619 -0.02563552676617643 -0.00895526862506858 0.07898448180844507
0.04184813510635541 -0.014384893346754801 -0.05113650176153506 0.06026490153156415
-0.24805691978038993 0.010301807677627756 -0.09811795353116179 0.39032722956690497
0.39114515103501935 -0.0421477865711455 -0.06804747463323714 -0.0076976981718335485
0.5005702306786985 0.025527849180690752 -0.01337193879307482 0.36856935935414054
-0.46888126193934315 0.06566405892552134 0.0032001502336022752 0.03479128525853324
0.04395410579747819 0.009980304936255424 0.05494891936050937 0.07200189609072818
-0.17601561251852782 0.007813048584279043 -0.024551545976048063 0.2890781277800961
0.3075682960382106 0.02686059281818756 -0.05289656753704442 -0.07097648335731431
0.27979302596734273 -0.006208800757714304 0.004121744960798855 0.18804618776303775
-0.5333077889071404 0.013446280669347896 -0.014220639703038674 -0.03362334844814759
0.11141616754140801 -0.020485920414233777 -0.02193532241147301 -0.12279758763099359
-0.10008133994357442 -0.017678951203930628 0.03840250901139456 0.339653706139966
0.2949089614220155 -0.003392797517952567 0.05815925217022714 -0.20522287132154574
-0.04956953697975727 -0.04505616810013494 0.058527586299819065 -0.37262689108030755
-0.20651616418027616 0.053697692572296375 0.012181239412608829 0.09455123769052656
0.08216984198057019 -0.005817138745394591 -0.02411266251750987 0.16901583535694825
-0.056048109499059647 -0.0011388237947428676 0.030816799710724735 0.22782125620294036
0.08014279723575603 -0.0017283400179539628 -0.03825161581091922 0.19839431993629086
0.2811640552137675 -0.032438123997863305 0.06904402947523576 -0.38254648125635127
0.06510083675033719 0.0158342391368802 0.004499608278422899 0.024875641541051985
0.13687059855853437 0.02728009740413071 -0.026644409171596925 -0.08002515878687597
0.07430115100091415 0.030398484388539652 0.0027268660164416186 -0.23914177176534196
-0.02297249392363199 0.030728541921477722 0.017240268827575102 -0.04551735670607898
-0.08901534674160522 -0.057143194300499335 0.07349738800658183 0.28437754326297604
0.06548106029092045 0.0010822526821785904 -0.04756706304631834 0.08757954104686358
0.2945527776478672 0.05040457180028096 0.0029551705279839387 -0.04272790022274174
-0.023094264516186427 0.01525899340029915 -0.06719514543097849 -0.17957556524316629
-0.06452429885165918 0.0305736552125066 0.03462051843064241 0.06801043249725702
0.03998827883560701 -0.043516132662605116 -0.007739987137455653 0.15038858891467813
0.03638912639649412 -0.06804545325997234 -0.10755374412631653 0.11071363490974521
0.0485170709175037 0.01922851654643697 -0.009367054751657812 0.08341815754383002
-0.2336050528222623 0.0030019640098240697 0.03296786078897483 -0.03586132697653131
-0.25909097294378797 0.020483197276648563 0.018267981050304107 -0.12623526116077674
-0.23387019964687705 -0.04996915968520264 0.040690989402714046 -0.3764554990050118
-0.37490008380085665 0.01928678806166221 0.033920356261706204 -0.41242828946611204
0.027388352989949998 -0.043111063568465474 0.047489702883223135 0.2926332593590329
0.2971519706222875 0.00558086511697619 0.04298142387854451 0.19989716652110634
-0.10699638916747668 -0.05586605947816153 -0.014600170406903798 0.05710105893077222
0.09215042441474965 0.0592267942408147 -0.07229981669444381 0.5300260295663677
-0.10778338998292993 -0.032688929420367156 -0.011738086848684185 0.16962717912670824
-0.07547350852876861 -0.07073075855605918 0.008592193941469735 0.21596891336763802
0.3831909929442468 0.0335357213348449 -0.030968698365226383 0.21298294972542117
0.09703440334578284 -0.06207966954479103 0.0053383632929113614 -0.054799546442008434
-0.12357361626142997 -0.021079741182844655 0.00994778822418021 -0.008239592749799983
0.340863762684344 0.03738869041435772 0.046945536192631795 -0.15099808285739483
0.12754817507488705 -0.01058558780341803 -0.001662006209863477 -0.208337325948207
0.2797162766648496 0.07507836033940407 -0.00943081104891304 -0.18045510688591931
-0.09381704274060472 -0.032626870816148755 -0.03064871919897244 0.1688663088597275
0.11510350625943302 -0.03277303796443116 0.001412882172556488 -0.17859270737269567
-0.43809925446835646 0.1100025712615456 0.04653900662429603 0.19893951228521048
0.20491788439165812 -0.030017627072246315 -0.02762212470157098 -0.12407875177485096
-0.31140508629682495 0.011171556663999332 0.04099568755490558 -0.04031415959161846
-0.11613718789091927 -0.02552060452842049 -0.0704465585288563 -0.20492458171282912
-0.3627760284100275 -0.040400591072043746 -0.02968294422557037 -0.23055043631711897
0.390156384062376 0.02091002916507776 0.02304898973317125 0.44662097181062393
-0.08865087500256777 0.05951521850801717 -0.036179574729210365 -0.1919737908699114
0.17962695248443192 -0.03692757073019506 -0.007729745973209143 -0.10439687433875977
-0.14630075730631484 0.01666033748862523 -0.024153954766572682 0.004301170999169961
0.01292960624627414 0.020097355314762838 -0.012747237385009467 -0.07857194625036833
0.04238884277683908 -0.0367894020979872 0.029579769261652192 0.16206134345851197
-0.47865448025429536 -0.013612483855326346 -0.009190978409215286 -0.13886111912676993
0.3917758114077679 -0.04297306909354209 -0.009621028641037678 0.09492678802627924
-0.23782611100177503 0.04003148380283577 0.06564193177357214 0.06827238653398207
0.0007048931571189771 -0.05459511078492139 0.004169054835336389 0.1761444686854601
-0.11093394046284044 0.01136359349120852 -0.027993586415082792 0.39948250676390035
0.032970750671873966 0.034102627902179196 -0.005900089473341658 -0.08822927457214765
0.20792860849154382 -0.003592249213759344 -0.08249579516668941 -0.2687547141291996
0.302567194192724 0.007342408882444948 0.043246509728291485 -0.04455201735480538
0.06832719478989192 0.015349939045223453 0.04809578517490549 0.2265904348181805
-0.25715072218885404 -0.005214245836350614 0.05279035434327453 0.29269024667454313
0.09773167833377128 -0.022867443036992063 -0.052556741660609904 -0.09573828992661867
0.23207406475704648 0.03559015680825322 -0.034368702897848685 -0.11280676848553234
0.2342298228915746 0.028126349591450554 -0.07256970971929809 0.0004831279741264088
0.026645701567431637 -0.00022735214530255983 0.08346075458862091 0.037112203750646604
0.053751015070431354 -0.02948560545132382 -0.033278659013675285 -0.008533993184735886
-0.34588457202165407 -0.04574979163700348 0.02902697964845302 -0.2945612491856541
0.246771761939591 0.03683533604429645 -0.01610285510822276 0.09282173305858173
0.0325972296450622 -0.040517032037901274 -0.0118325666992638 -0.09125289938808523
-0.06319818402366459 -0.014457403423701998 0.021361608586133098 0.07135865800807469
-0.057507271867487185 -0.029996034681206228 -0.05530320202020768 0.06692049293694272
-0.09944283103673082 0.01443494661006895 -0.0166449479360793 -0.17172337450117264
0.054614442527129534 -0.02585434437302919 -0.032552429320981256 0.1578260476911445
0.16596378764829717 0.038896830622874475 -0.029757642240526114 -0.11119454136349428
0.025070756359171987 -0.015308579803269605 0.01471138881875688 -0.4296042369191289
0.055513498066873425 0.003231111616903293 -0.023433315576031972 0.12731627140354834
0.15776378567220325 0.0593263088649675 0.03129889908018557 0.007620823288469751
0.06529326476900725 -0.0047717632659096615 0.029149975081284522 -0.34030474555241913
0.01354057329814805 0.03608960810636159 -0.04572731770324106 -0.04675005050910549
-0.1255644692282196 -0.03581336512461091 -0.03348107238746577 0.05023132850775732
-0.3576901907128699 -0.08091840715750812 0.05159605926255662 0.1119513892590609
0.14965555093011948 0.031041795607989413 0.00755350225453242 0.16805900180594535
-0.07803627634914326 0.010330063006768163 0.019581288180084415 -0.21215624814991305
-0.01973194289324192 0.02202632659045787 0.016263470575243303 0.34386996139071246
-0.06854017427977621 0.030251617104036885 -0.06654005960180837 0.44395582359925
-0.18973183738955493 0.04818115080565248 0.010376377312073345 -0.10879700966873856
0.08237030814851909 0.08378057933151553 0.015305193328043202 -0.20798771260286117
0.056280961760489134 -0.06264711768216585 -0.002776530255996625 0.38294030035367616
0.017397831242544803 -0.04103644939894035 -0.02664231121961574 -0.06598193900201009
-0.2937642576441205 -0.037198229411938614 0.003984262969806645 0.20307520434337625
-0.08273221991886404 0.04822774926367905 -0.01458241203095844 0.044833086154866045
-0.1654270206319632 0.014673727855114642 0.009402680747429802 -0.11474183394463938
0.1318897661041294 0.016331446008935442 -0.037518536485730856 0.1289394774522222
0.09567485509486512 0.030039014440679673 0.03991422777799738 -0.03260205088810553
0.06155176138530916 -0.01669141544245595 0.006260265601802774 0.29619319502774705
0.25054484609492433 -0.038376144940402354 -0.02668645787576817 0.0691740987732507
0.05352476239303524 -0.004330232750705782 0.01961645186495584 -0.1630859022773902
0.06900671003265177 0.009482667497706146 0.020648065586930848 -0.308696268222431
0.09072750688546095 -0.0155860478262343 -0.06952902030584411 0.023516742485531046
-0.28343146353943466 0.0019342325611268793 0.03131831597691765 -0.07078045169924421
-0.24472089061037675 0.01560122860342617 0.02041291964836862 0.23224432446971416
0.15237497105126016 0.0029415619463679403 -0.039700202534981154 -0.4006819976253801
0.29061318980375395 0.0013476599912335932 0.010429522700790613 0.26177449476818426
-0.35322707394045055 0.0283911008766278 0.02677527117396978 -0.0797088720911877
0.3072856000283567 0.005934815332982381 0.00276970845860175 0.08749364771235253
-0.0882152266805265 0.011246191275780547 -0.016371931184080344 0.36943445610589226
0.4923380960312036 0.05401391644054884 -0.033235342278544806 -0.23033770450508562
0.7094683063717857 0.028147855662798458 -0.044037504407263686 0.364517881342338
0.11797217572418837 -0.04002561405139071 0.05192959193500057 0.067800936952936
-0.029402369509607156 0.004317847888044026 -0.06802252312646516 0.07511555710733504
-0.0937714956417027 -0.035331461739542214 0.001984050687321276 0.3406249828420978
-0.24736061234775503 -0.028426967070458296 0.035441866970172396 0.013036323362100415
0.23270759062853041 -0.014129000242902891 0.04697147685112143 0.027436572176184084
-0.4187134684420316 0.03680052920828784 0.01611133623597951 -0.3024164966469197
-0.16375008386296652 -0.03445000440524924 -0.05164607724968648 -0.012111166061059955
-0.0522629182150732 0.04458972417079444 -0.02939704925789044 -0.05875353142512441
-0.14512543215262655 -0.037680325294923864 0.020900834318913104 -0.20370245774164317
0.0498471078500233 -0.011027462024369947 -0.017858713540496562 -0.3366762128471671
0.01391331132751479 -0.00917406278750468 0.022351264339043234 0.014634880882584939
0.1210894348410367 -0.07045325059878628 0.06933972158628092 0.043699739202178844
0.3327521716538194 -0.0040011363941197175 -0.0030695968176966608 0.007808747634241928
-0.4870269730569119 0.0056582814590881315 0.017911361406301642 -0.3267021933571174
0.43651623813874685 -0.03933997013273271 -0.04751499163558769 -0.32606001908982307
-0.23337350557516118 0.011123490545687488 0.007127095096928676 -0.04854122833337359
-0.27735892091615527 -0.008708605948797696 0.05005901503096998 0.05124223681348367
-0.031337906469134875 -0.002764062665411546 -0.006406495951011036 0.2748751855785092
-0.13436454648688206 -0.02920271370249722 0.022724783463959307 0.02893118250367007
0.2319746350974451 -0.010270956433266209 -0.0483321387773727 0.11429994311673179
0.1216736039926303 -0.015099995116221643 0.04793014402045287 0.056521662155214446
0.09026432995545468 -0.030330609892267782 -0.011650498283584923 0.010443139432755379
-0.013945243973518703 0.08140979787150603 0.029335378962468222 -0.14946763989036813
-0.1903137055716392 0.05114887394540308 -0.026393126310020016 -0.435608759806273
0.165060698180103 0.06434668021807144 0.03650908364978562 -0.038434773453846265
0.11541732820609361 -0.012330226052066393 -0.002219936129427686 -0.33292312909832167
-0.16408278911445262 0.05366871483781153 0.014320580693237807 0.46414497037204366
0.02156919665740457 -0.04615036263498338 -0.04116337667835946 -0.006451395457354611
-0.27356706896960215 -0.013935932567703585 0.0091975731916149 0.1367879094650428
0.10167276997850905 -0.00649450455599765 -0.029999336618546663 0.06624289931507917
0.2637956493345982 -0.06477132412282305 -0.015359885700555242 0.10338843849229407
-0.17000759468526913 0.05041679846783472 -0.020187928272220372 -0.05025732812268093
0.23679986379428536 0.0691423555502146 0.008934643595532431 -0.2631477890538442
-0.055800227598038876 -0.0284456939604158 -0.006319178373589855 0.19702368388219185
-0.0646050841279852 0.008735953453087593 -0.08213720577426578 -0.1911066822594867
0.27000909978216053 0.03372503297934999 -0.04227932643868899 0.055041015560018725
-0.17429251076968377 -0.00479694366388616 -0.0385899746582252 -0.1424395833531593
0.604173270385047 0.04245444378295329 3.289864387602379e-05 0.20943244779703396
0.040848313795471214 0.012860144162960795 -0.01583762504608563 0.08802099480090948
-0.32733654648801436 -0.03304207240630469 0.018089755303246278 0.12304237679053243
0.012182866876013608 -0.012626671796065404 0.01916925210607009 -0.10044844351525228
-0.18096045458553264 -0.05250327125798222 -0.03314100268598065 0.13776204861006947
0.28749681616950645 0.08603669876428408 -0.049468460978966115 0.3918364379369471
-0.03105010072104677 0.03821896114958405 0.01629769296684555 0.2123534986179554
-0.11290173696264515 0.011203865969095663 -0.0767717795337022 0.09930488753305823
0.15552950489645959 -0.0524884481284099 -0.051530437003741304 -0.0004934093083298152
-0.0530121879939177 0.0762972290168365 0.040498242213069996 0.3359593809403378
-0.09034559853673363 -0.028852175298273913 0.08173907667138129 -0.02059650261671045
0.10186072559489584 0.02328688646693215 -0.10925439459799703 -0.2593273992259466
-0.21916674944155018 -0.05296763158254154 0.044105173513179975 0.2054245083621125
0.06571908466647929 0.04534620229645029 -0.034509301781775255 -0.05623494998069313
0.18370932429287287 0.010381619635563782 0.07191835762518997 -0.007542748361737251
0.17410952495189036 -0.05961160718759648 -0.013977441448179046 0.10150351286326036
0.3026794798204867 0.022881232345785665 0.011201777180192819 0.20433739291558115
0.09424504057759107 0.0002596535027173807 0.00463574057988393 0.24511687194281023
-0.036146900276723015 -0.014597725868884408 0.002299938889584031 0.26063873156588
-0.2000459023295493 -0.02709250115433481 0.041076154947166134 -0.4006020724821429
0.2074170020395869 0.018893061024106476 -0.012974150669214611 0.20132134873143373
0.03311975574869931 0.02638697370214607 0.02356305023268067 -0.25488219083776925
-0.009084689170345743 -0.00822829420074547 -0.042903850852553736 0.0019750877117336047
0.03777566920554611 0.011227135475043637 -0.034342640028701965 0.06935817214364029
-0.09166557612383462 -0.01153999438146269 -0.012633936813427197 -0.20787050484680178
0.045059698699845996 0.01692295044760654 0.02714233023245744 -0.10197742741138892
0.10005204763663447 0.013608986519834077 0.06596741087645637 0.34256155655059917
0.0893364967382201 0.00963828373614538 0.06913747040680891 0.21901592829290994
0.18801905677844974 -0.027122138383068428 0.04974292998866457 -0.19836559123461264
-0.18368569319125488 0.025060244105363845 -0.0065463090353115256 0.23127343639922224
-0.3220370531962541 -0.03456947334300248 -0.06132471237939004 -0.12360439510153608
-0.03547165169408343 0.003034502793807253 -0.01041744283755643 -0.23179990178948243
0.33526432732296724 0.035838803907850915 0.017127728959441934 0.15510188273248057
-0.14640962004470406 -0.05062734098894713 0.025481310287798587 -0.016787675668070087
0.29881184429780494 0.016823518070887018 0.04934494435836742 0.1908994910726769
0.4397818733309345 0.022438947590520442 0.038043986184507175 0.07967802401225385
-0.09102061832028362 0.03827549436089688 0.015018470589957674 0.3049329406819846
0.13061597103952977 -0.020631636260809143 -0.012431613763409902 -0.42381937150054966
0.032556202808243284 0.056243164325702096 -0.020752970478835904 0.09519234802135773
0.05988276883271575 0.031873339978600104 0.025088532444557932 -0.14729408639099525
-0.14538624762627905 0.040142834939964823 -0.016311668823309925 0.511580029635134
-0.031309431523317326 0.043163532958486184 -0.02144143892643999 -0.10848252145056346
0.17767694657357488 0.02114008405172273 0.005288197837844521 -0.1461081415196392
0.08704493049504888 -0.043479281045642464 0.0022714179639536226 -0.011240839348064269
0.20341047150889638 -0.0076481333078566305 0.0053908997024287265 0.12710000074206335
0.20032421822081334 -0.023066341677575354 0.007705925720801183 0.3493229163303987
-0.4870541588273671 0.02369975203162742 0.004727164204936539 -0.13004763446664672
-0.1478428525701598 0.014743603404450575 0.005393286994946949 0.025000180635737695
0.12241890121159202 0.04719786120469815 -0.00999080915671043 0.12339601861072791
0.009738598443205012 -0.000774420030637392 0.0014101870458713853 0.009921137205761163
0.03331842737471885 -0.023906927498237203 0.019894871399625657 0.0753834907462061
0.08498910027188461 -0.05233766805055849 -0.017654734765616693 -0.38895611469744473
-0.14699976936490694 -0.02821751885733082 -0.024250993528324247 0.0451300775631447
0.1878743728802797 -0.005232436330850246 -0.008113532653294736 0.006406412109750419
-0.030384811452739382 0.05524086721222122 -0.06064731031893011 0.08155245782487797
0.039398292248920184 -0.02732391503642987 0.007457932234100284 -0.015170731524799991
-0.02152329899913083 -0.029681967527306688 -0.022285612300881438 0.2678096834721706
0.2046505484148338 0.03786072752721236 0.011919665420562067 -0.042959026638567765
-0.00275591562550209 0.02993596875971853 -0.015461590562304435 -0.2758475270322525
-0.03635573673899715 0.021677237736790526 0.05662273829095086 -0.011150001559334497
0.0715832271360725 -0.029201065987063568 0.033033209019069164 0.0718620485123488
-0.02126376588584818 -0.005558312935817504 0.0021184416960861392 -0.031397050345922814
-0.22822319926759116 -0.01765001091408147 0.02763793160329488 -0.014142551440439959
-0.06436285050213111 0.02191013628953175 -0.021895481576740296 0.03092476462697568
-0.8004696722545781 -0.025099736295613972 -0.04687449203980394 -0.33760878275250344
0.42551605794180736 -0.06916453126305867 -0.019397958949149058 -0.5216753098841097
0.14880983317684823 -0.08615397372982318 -0.006745862835795055 -0.31500397103305844
-0.1765725789283901 0.011414411487481084 0.0006366513404472562 0.18579724235283773
0.11486494904118527 0.0279618258791255 0.03093114134875789 -0.1511379029255446
0.03994910780591602 -0.061860294307244046 0.006020774036116895 -0.5073346553131035
0.010972715198696501 0.036118114322587005 0.006098273289318292 0.009045221720125427
-0.14859519305268223 -0.030390085950984434 0.036501401567062976 0.001409875912446652
0.09311986548747807 -0.026643428982442374 0.034779096962501976 0.07142556315598568
0.12655408907708388 -0.0845057671271388 -0.04262020305012888 0.6014507606106918
-0.5716484932292767 -0.026758413906250236 0.004638562445189873 0.220149190294895
0.2224795161858846 0.04787225292871704 0.029259808462170696 -0.07844384125701362
0.3701874452871102 0.005491410260490099 0.008625613647846107 -0.31357510489507395
0.14747177537469797 0.05928910698633834 -0.031153991973641094 -0.0854619644914741
-0.09029361195128774 -0.0057971077953229 0.015382784690909486 0.01688507013866618
0.2708601696042251 -0.050271600055763886 0.055293986567525065 -0.11618532952883297
-0.12777890506448067 0.03800969241644399 -0.015233440222369833 0.17827721622671075
0.18505391473742483 0.03496514745920084 0.004701976841252348 0.5443336523813791
0.017373682271340767 0.04506748357021275 0.02832418265841417 0.13983564641966295
-0.02614267384195379 -0.03809976872296487 -0.005246653044948501 0.2287955200111645
0.3176553883461037 0.0190948499909051 0.04790800485661192 0.10801206777564003
0.1130723289827384 0.0304604175319422 0.013641573157318404 0.10079534396628664
-0.08684083065872687 -0.00949215694987947 0.00912439847995286 0.004690631902609484
-0.1332789881147794 -0.004389486322562729 -0.004441026556405332 0.013536290470021606
-0.31672409453078537 0.03852696879720878 -0.021339890418698406 -0.07064434593440164
0.16216373674537218 0.019712938223546694 -0.03462343762548384 0.0678093081834795
-0.15658771295583881 0.034232700139281834 0.016874212040580244 -0.07305508544633767
0.07714013668403999 0.10325375921536503 0.021777428735786367 0.40847291490666243
0.007499778499693507 0.0013755356621537958 -0.005516498705517944 0.12119054368873544
-0.5329550461822968 -0.014378353884404694 -0.0073469071181136835 -0.3030727475657035
-0.022289287037817657 -0.04905425883541452 -0.01707134555021125 0.28906119066983627
0.03451055022052934 0.014231639858055303 -0.025179307270742964 0.1347641172884313
-0.027140477015202776 -0.0005691242262058549 0.0276268259040137 0.5395680706167075
0.1395830673235964 0.013220098864288949 -0.06704757362676832 -0.19989380546966
-0.17715628313266193 -0.017347705808959637 -0.06993623934088919 0.02747821596922929
-0.004475847752675786 -0.02357317455593002 -0.01257200828086204 -0.11175406280415115
0.006834841708117321 0.018780240696597023 0.013220812593765582 0.1879509586456879
-0.17241855513934656 -0.03254861375929758 0.042716197267971955 0.11203515283058905
-0.0279363948056911 0.0400746848199812 -0.005685656588237371 0.09887424355613704
0.12915014876090972 0.07093668641789075 0.00830618511716196 0.08641773577489735
-0.1741771423547983 0.06654921461354282 -0.04858907066493665 0.08211956889561091
0.027593502745816387 0.0005709021827908714 -0.038956936420052414 0.04784592461912101
0.023553177993495746 -0.0495613030372906 0.11920480602417068 -0.15993224142893528
0.09594585182744346 -0.045767595254397074 -0.08363364409649428 0.054906015743798
-0.32516317661820965 0.012725465071526495 0.043099064208156894 -0.22507200089451182
-0.11098667545404567 -0.049759773520695855 0.014626607488932644 0.11761545459137913
-0.29619115845190036 0.007149631888876168 0.010467783595388429 -0.02740514738849145
-0.027193917247919776 -0.049476020663272294 0.01853973955994077 0.08457686813243187
0.4425861093235433 -0.040634532402825344 -0.03804492175812513 -0.02399672875155926
-0.02956922907615831 0.02289071538901846 0.025468382562064275 -0.11453845927640044
0.059426156350857066 -0.02079980001872005 0.012181160586137496 -0.38252452317004565
-0.24788700400380684 -0.032398612453991095 0.04812067669778939 0.22936602383189036
-0.21139437077326506 0.03131540861801617 0.028501037589206166 0.08873075506091693
0.1882054755978549 -0.03685461094007527 -0.009366134849448721 -0.36987487074767467
0.1529608624274243 0.014681556844564295 0.026992628558896437 0.06211471715308363
-0.023821577812768092 0.006883921364097814 -0.02874567189273135 -0.07268676333805903
-0.3334659026078364 -0.006516778043425791 0.06025877520994279 -0.09340491484855765
0.21643661375339496 -0.006627947228794835 0.01621294089320298 -0.0478256175591608
0.25625201280279275 0.054800376705028034 -0.06198900984818219 0.12505105089184534
0.0014797396482636135 -0.01735740610107794 0.026570089136224 0.19865179402959326
-0.24051916166867673 -0.06496686793122082 -0.01770443517855539 0.32106237943814464
-0.10245061356775896 -0.06790925956222121 0.03116672786534789 0.1522333912794418
0.14660334375880937 0.029283498927047916 -0.008851186401178436 -0.13771072282082608
0.4984522181516889 0.007134039198727814 -0.08518051164675486 -0.12345481269775982
0.6855196643112277 -0.02777423239520026 -0.022625834011447455 0.0722962646912409
0.20150827980257477 -0.002887835222245725 -0.003115885987837882 0.22190996840910066
-0.4288086012135374 -0.03747498707910708 -0.05908602896847188 -0.036470202075657855
0.40456170486453885 -0.0831740036280298 0.01811229575291801 0.1285775367178215
-0.3163319807610702 0.06166692400512182 -0.005993603892523016 -0.023516494724895056
0.12025021464533424 0.06388232825487625 0.036074639871839335 0.1560653029152528
0.3025331208738674 -0.0100216176527952 -0.0073551436053718965 0.3634619203388713
-0.3297953548781888 -0.014236243206991052 -0.06960958457627962 -0.02438805477557953
-0.3530742718855705 -0.020926947505172582 -0.00948127931561151 0.083110680533321
-0.046585331241398305 -0.013134685954848256 -0.002737914133907437 0.24226889992050693
0.45656768092390326 -0.016364230008694195 0.017169494841255694 0.010968782535122424
0.07934437792412123 -0.029011772362054468 -0.014119881759082187 0.22117381752079998
-0.0817274613247975 0.010401416339928957 0.007519679050222432 0.26299809307634886
0.04708409986261365 0.02220202264936715 -0.03005388114589108 0.3386528485050319
0.11755111555331012 0.016677480024257518 0.04328111908333357 0.10758680957226448
0.15848576780928503 -0.012316880552255695 0.03674464046091564 0.5140226206314499
-0.061834502699547586 0.01932947949775891 -0.01649021594519904 0.014443340431969924
-0.036662094274557036 -0.003315401222240853 0.037719779085876315 0.04503701328687579
0.06249049733826964 0.013082547131911055 -0.015264916581022326 0.02964628229672893
-0.17007647030546014 0.014478041860918665 -0.046869388578440134 -0.2711361239402091
-0.13374277391390854 -0.000635723051872137 0.06033558435285353 -0.17694471704824424
0.23458549100219198 0.026962834461003372 -0.015747455668234198 0.03284649828255916
-0.15949900425719005 0.048206464490325784 0.005613918385264911 0.12017644238866398
0.11559489484827862 -0.03960915937714972 0.06459660413328368 0.1116340617276403
-0.14053112078741473 0.004019332287647367 0.00890950684238507 -0.30460487024825733
0.050939001821459544 -0.0026920697057772527 -0.001193640122517577 0.16334107905886316
-0.33365600214560426 -0.025364782550054737 0.07979094470393142 -0.06866109670641632
0.006747045600208456 -0.014203057241410967 -0.011786901742085907 0.16159406925812989
0.14634207337206354 0.05698113929816785 -0.041722722930337235 -0.08287597736412282
-0.1844122890166411 -0.0013992093041679783 -0.010885949884690828 -0.30353458008053485
0.34809313343955217 0.022008122651798953 0.01786337631412793 -0.1167071785401152
0.10646956637124498 -0.003485451227590001 -0.02861488211961093 -0.5188241396525197
0.2284432350881885 -0.06614251027870759 0.04427828624910879 0.05994104521485802
-0.09871088313804949 0.07735413487931962 -0.024704541925364948 0.062219356675354755
0.22471503184546682 0.006901480470913225 0.009335235722800348 0.13723275355479164
-0.31732633032490704 0.0237236653689032 -0.03137619287309508 -0.2099027368436746
0.04086439228903094 0.07213970137161171 -0.024310994627461797 0.22269907280852405
-0.04644933407151011 -0.06399869071972952 0.03233576251438968 -0.413346069492739
0.13538549212701415 0.02193239320420214 -0.0554027929043949 0.10997446394280813
0.40366938943834063 0.012712350185296187 0.07485844437541786 0.15092902064010436
-0.6231239833200309 -0.026896148730400637 -0.009232703861165401 -0.08749802402251527
0.2266066188704874 0.009958493586825016 0.005973391471657219 -0.10345681399881002
0.06944936587367324 -0.011178109538491193 0.038616122433604363 -0.4595769656869728
-0.05128546668035682 -0.034908089264416096 -0.050805302052910124 0.4290592976206147
-0.3148755990331109 0.08166705363127899 -0.008167261804463595 -0.13461603991567908
-0.4018625341985211 -0.01596666745269329 0.03245860466608579 -0.25529905876259723
-0.15138903405264562 -0.017427515675458676 -0.014027982981046072 -0.26245828843343566
-0.06402982936862107 0.029390756680402173 0.020026629124505466 -0.21278930809205146
0.19609537966250573 0.007026169572280952 -0.03244661455703476 0.026141789222009968
-0.5611293231873438 -0.06634118220968437 -0.028335981634695744 0.1897532217010609
-0.006332955543227899 0.07430258755667206 0.0262077239327071 -0.2590814091281277
-0.24343111234150208 -0.0008456844243994758 0.013562158845997537 0.12550338493552055
0.07806500627075336 0.012124756299327417 -0.024039767164556726 -0.3612938703085257
0.240063105411138 0.054431112023500164 0.004320716143015396 0.08952924675812367
-0.3554833102129611 0.01541576882738794 0.0002911196187176645 -0.15688320298593378
0.13905493521828616 0.046881196110313064 0.0705384111720615 -0.47189606403917317
-0.11156502547206658 0.04144817857266048 0.026675216038203328 0.6685434269778212
-0.021556231742345205 -0.02505548347040035 0.029923407434397562 0.29718813223417817
0.12598492858076302 -0.03908163598232585 -0.018690069743200886 0.39767875995871543
0.27708348924434517 -0.004136559330214677 -0.056997194872400306 -0.23744073771917446
0.08504956400517621 0.02875386521549176 -0.046177092456843316 0.07317987564503535
-0.2006724874776658 -0.03412010425310612 -0.05130687758817462 -0.12241643819799776
-0.1651358064414391 0.08469142627677428 -0.011695478653457587 -0.025429990284321878
0.13556316828217285 -0.006007254897692669 0.06727819689341565 0.24935454085185194
0.06398358044444642 -0.0046790065618470215 0.06244132395940429 0.09056571104411047
0.22021933766845625 0.019293473181487747 -0.04671487927667035 0.38902144871987143
0.43908251645203955 -0.00360242590843333 -0.017177892276841952 0.2443222906116224
0.005072410857422118 0.0148516625055177 -0.03396078171065573 0.3907757406927859
0.4977958537567049 -0.0014073126446931964 -0.04133596350907154 -0.3042651735553184
-0.03390622400002005 0.016824309370578775 -0.00043223228308774607 -0.11638565071694074
-0.2769225265859511 0.019517022002768603 -0.07763472314465703 -0.2388849510407859
0.04323868577082244 -0.04205182995570771 -0.008405454195856437 0.07742286595449148
0.10847958165258288 -0.04742732124290488 0.02003590369564801 0.37992970106325247
-0.09652732577501799 0.003227264381380089 0.04006730812004846 -0.008989190145937784
-0.15294279698265947 -0.026682158415672324 -0.039424745000904454 -0.015367396428991709
0.27722512081066203 -0.010528204354326753 -0.02807756528663595 -0.21298718422728807
-0.08646783470071023 -0.014258050023266156 -0.014658068205969025 -0.44408757648551217
-0.21133263072206904 -0.016034320105450972 -0.02537582679925328 -0.6353770846377185
-0.2514823220644777 -0.023701639700876746 -0.03455204460371024 -0.11517085071206012
0.023139588406214582 0.01662329594739069 0.0076708791766322134 0.13763660799578895
0.2871092222234639 0.03370411647617407 0.039594180663640365 -0.20133930486029075
-0.04916326555261002 0.05963537981818292 -0.010462143524448887 0.23397188052160506
-0.03865351956074144 0.08360988229199379 0.04446804801678095 -0.12648937498928947
0.03421492788456224 0.06378801730469831 -0.03046865484943938 0.11515505166738862
-0.10890578538449674 -0.002804680779067029 4.602762448288905e-05 0.17220278639043962
-0.20020303530973582 0.020336467292209937 0.056208922678327895 -0.30829955087587807
